INFO     /Users/z.m/pythonProject/Interface_Auto_Test/logs/info-2023-07-04.log:log_decorator.py:42 
======================================================
用例标题: 正常登录
请求路径: https://www.wanandroid.com/user/login
请求方式: POST
请求头:   {'User-Agent': 'python-requests/2.26.0', 'Accept-Encoding': 'gzip, deflate, br', 'Accept': '*/*', 'Connection': 'keep-alive', 'Content-Length': '36', 'Content-Type': 'application/x-www-form-urlencoded'}
请求内容: {'username': '18800000001', 'password': '123456'}
接口响应内容: {"data":{"admin":false,"chapterTops":[],"coinCount":14313,"collectIds":[-1,-1,-1,-1,21630,-1,-1,-1,-1,-1,22665,1165,19263,-1,-1,-1,-1,-1,-1,-1,-1,-1,-1,-1,-1,-1,-1,-1,-1,-1,-1,-1,-1,-1,-1,-1,-1,-1,-1,-1,-1,-1,-1,-1,-1,-1,-1,-1,-1,-1,-1,-1,-1,-1,-1,-1,-1,-1,-1,-1,-1,-1,-1,-1,-1,-1,-1,-1,-1,-1,-1,-1,-1,-1,-1,-1,-1,-1,-1,-1,-1,-1,-1,-1,-1,-1,-1,-1,-1,-1,-1,-1,-1,-1,-1,-1,-1,-1,-1,-1,-1,-1,-1,-1,-1,-1,-1,-1,-1,-1,-1,-1,-1,-1,-1,-1,-1,-1,-1,-1,-1,-1,-1,8665,24452,24889,-1,25098,1453,556,-1,-1,25615,24990,26101,-1,-1,25903,-1,-1,-1,-1,-1,-1,18281,8857],"email":"1113132@qq.com","icon":"","id":129462,"nickname":"18800000001","password":"","publicName":"18800000001","token":"","type":0,"username":"18800000001"},"errorCode":0,"errorMsg":""}
接口响应时长: 779 ms
Http状态码: 200
=====================================================